!!! Требуется проверка

	UTF8	CP1251	KOI8	ISO-8859-5

Ё	168						161
ё	184						241
А	192		192		225		176
Б	193		193		226		177
В	194		194		247		178
Г	195		195		231		179
Д	196		196		228		180
Е	197		197		229		181
Ж	198		198		246		182
З	199		199		250		183
И	200		200		233		184
Й	201		201		234		185
К	202		202		235		186
Л	203		203		236		187
М	204		204		237		188
Н	205		205		238		189
О	206		206		239		190
П	207		207		240		191
Р	208		208		242		192
С	209		209		243		193
Т	210		210		244		194
У	211		211		245		195
Ф	212		212		230		196
Х	213		213		232		197
Ц	214		214		227		198
Ч	215		215		254		199
Ш	216		216		251		200
Щ	217		217		253		201
Ъ	218		218		255		202
Ы	219		219		249		203
Ь	220		220		248		204
Э	221		221		252		205
Ю	222		222		224		206
Я	223		223		241		207
а	224		224		193		208
б	225		225		194		209
в	226		226		215		210
г	227		227		199		211
д	228		228		196		212
е	229		229		197		213
ж	230		230		214		214
з	231		231		218		215
и	232		232		201		216
й	233		233		202		217
к	234		234		203		218
л	235		235		204		219
м	236		236		205		220
н	237		237		206		221
о	238		238		207		222
п	239		239		208		223
р	240		240		210		224
с	241		241		211		225
т	242		242		212		226
у	243		243		213		227
ф	244		244		198		228
х	245		245		200		229
ц	246		246		195		230
ч	247		247		222		231
ш	248		248		219		232
щ	249		249		221		233
ъ	250		250		223		234
ы	251		251		217		235
ь	252		252		216		236
э	253		253		220		237
ю	254		254		192		238
я	255		255		209		239
